 
   
    1 5 2 | 4 8 9 | 3 7 6
    7 3 9 | 2 5 6 | 8 4 1
    4 6 8 | 3 7 1 | 2 9 5
    ---------------------
    3 8 7 | 1 2 4 | 6 5 9
    5 9 1 | 7 6 3 | 4 2 8
    2 4 6 | 8 9 5 | 7 1 3
    ---------------------
    9 1 4 | 6 3 7 | 5 8 2
    6 2 5 | 9 4 8 | 1 3 7
    8 7 3 | 5 1 2 | 9 6 4


1 5 2 4 8 9 3 7 6
7 3 9 2 5 6 8 4 1
4 6 8 3 7 1 2 9 5 
3 8 7 1 2 4 6 5 9 
5 9 1 7 6 3 4 2 8
2 4 6 8 9 5 7 1 3
9 1 4 6 3 7 5 8 2
6 2 5 9 4 8 1 3 7
8 7 3 5 1 2 9 6 4


    1 0 2 | 4 8 0 | 3 7 6
    7 3 9 | 2 0 6 | 8 4 1
    4 6 8 | 3 7 1 | 2 9 5
    ---------------------
    3 8 0 | 1 2 4 | 6 5 9
    5 9 0 | 7 6 3 | 4 2 8
    2 4 6 | 0 9 5 | 7 1 3
    ---------------------
    9 1 4 | 6 0 7 | 5 8 2
    6 2 5 | 9 4 8 | 0 3 7
    8 7 3 | 5 1 2 | 0 6 4


1 0 2 4 8 0 3 7 6
7 3 9 2 0 6 8 4 1
4 6 8 3 7 1 2 9 5
3 8 0 1 2 4 0 5 9
5 9 0 7 6 3 4 0 8
2 4 6 8 9 5 7 1 3 
9 1 4 6 0 7 5 8 2
6 2 5 9 4 8 0 3 7
0 7 3 5 1 2 0 6 4 

board_rows = [[1,5,2,4,8,9,3,7,6],
[7,3,9,2,5,6,8,4,1],
[4,6,8,3,7,1,2,9,5],
[3,8,7,1,2,4,6,5,9],
[5,9,1,7,6,3,4,2,8],
[2,4,6,8,9,5,7,1,3],
[9,1,4,6,3,7,5,8,2],
[6,2,5,9,4,8,1,3,7],
[8,7,3,5,1,2,9,6,4]] 

board_rows = [[0,0,0,0,0,0,0,0,0],
[7,3,9,2,5,6,8,4,1],
[4,6,8,3,7,1,2,9,5],
[3,8,7,1,2,4,6,5,9],
[5,9,1,7,6,3,4,2,8],
[2,4,6,8,9,5,7,1,3],
[9,1,4,6,3,7,5,8,2],
[6,2,5,9,4,8,1,3,7],
[8,7,3,5,1,2,9,6,4]] 
# board_rows = [[0,0,2,4,8,0,3,7,6],
# [7,3,9,2,0,6,8,4,1],
# [4,6,8,3,7,1,2,9,5],
# [3,8,0,1,2,4,0,5,9],
# [5,0,0,7,6,3,4,0,8],
# [2,4,6,8,9,5,7,1,3],
# [9,1,4,6,0,0,5,8,2],
# [6,2,5,0,4,8,0,3,7],
# [0,7,3,5,1,2,0,6,4]] 

# board_rows = [[0,0,0,0,0,0,0,0,0],
# [7,3,9,2,5,6,8,4,1],
# [4,6,8,3,7,1,2,9,5],
# [3,8,7,1,2,4,6,5,9],
# [5,9,1,7,6,3,4,2,8],
# [2,4,6,8,9,5,7,1,3],
# [9,1,4,6,3,7,5,8,2],
# [6,2,5,9,4,8,1,3,7],
# [8,7,3,5,1,2,9,6,4]]

board_rows = [[0,8,1,7,4,0,0,3,2],
[7,4,2,8,3,0,6,1,0],
[9,6,3,0,1,2,4,0,0],
[4,0,8,9,2,3,0,0,1],
[0,3,0,0,0,7,2,5,4],
[2,0,7,6,0,4,8,0,3],
[3,7,4,2,6,1,0,0,9],
[8,2,0,3,9,5,1,4,7],
[0,9,0,4,7,0,3,2,0]]

board_rows = [[0,2,0,4,5,6,7,8,9],
[4,5,7,0,8,0,2,3,6],
[6,8,9,2,3,7,0,4,0]
[0,0,5,3,6,2,9,7,4],
[2,7,4,0,9,0,6,5,3],
[3,9,6,5,7,4,8,0,0],
[0,4,0,6,1,8,3,9,7],
[7,6,1,0,4,0,5,2,8],
[9,3,8,7,2,5,0,6,0]]